1110010110100011
0111110101100110
1010011101101011
1000010100100111
1111011111001100
1110100100101100
1111101101101000
0111110000000001
0101100000011011
1111110000101101
1101011011110010
1111001011000100
1001101000101001
1001010100100010
0000100111001100
1110101101100100
1001100000110100
1110011011011011
1110011011101001
0100101101000010
1011011110011010
1110101110100000
0000101010001001
1011111001100100
1000010100110111
1011110011011000
0011100110101001
1011000001110111
0111101000111110
1111111001100110
1000010000110010
0101100101011011
1110000111010100
1101010101010010
1010001100101100
0101000010000101
1101110111001010
1000010100100111
1110110001101010
1010110111110000
0101000110001001
1001010111011110
1001101000001001
1000010001110011
1111001101100101
0100000011000100
0011000101000110
0101100110011001
0011100100000110
1000010101001010
1010100011011011
1110011100110111
0110110100001111
1010101111011010
1010110110000011
0011000001011010
1110101100010101
1000001001000110
1100111010001101
1000111010101011
0110111101010100
1101111110010101
0011001100111001
1110100010010011
0010010111111001
0101111011110110
0110001000000111
1111011101100110
0111011001110001
1111100000101010
1001011110110010
0111110100000110
1001100101100101
1110011110100100
0110001111100111
1110111101101100
1010111110111000
1111011000101001
1001101101011001
1000010101010000
1001110111110010
1101001000110100
0110100010110000
1111000001000111
1100100111001001
1100101100000011
0011100110010101
1001000001011011
1010100100101011
1101111111010101
1110101100000111
1110000001001001
0101110110000110
1011110111001110
1100110111000100
0101111001000101
1111110100001000
0101000100011010
1100111101000111
0101100101100101
