1100110111111110
0011110101101101
0110110101111110
0100010101000010
1110111111011100
1101010001100010
1111011011100110
0011110000010001
0001111001010011
1111100001101010
1011010001111011
1110011000111001
0101110011010110
0101011011100001
0000000001100000
1101100001110001
0101101001111110
1101000000101111
1101000001001001
0001011000100000
1000001110101110
1101100011100000
0000000001101111
1000110110011001
0100010101010011
1000101101001110
0000110011111101
0111100110100100
0011101001100000
1111110011010000
0100010001000100
0001111100110001
1100011100110111
1011000111000011
0110100000000010
0001100101010100
1100000000100111
0100010101000010
1101101001010100
0111011000101111
0001100111111000
0101011110111101
0101110010110000
0100010010000111
1110011101101001
0001000001100011
0000100101111100
0001111101011100
0000110010110100
0100010101100110
0110111101100001
1101000011010101
0010111001110110
0111001101011110
0111010110011011
0000100100100010
1101011111100001
0100001001001100
1010011010101000
0100111110000011
0011000001101010
1100001101000101
0000101001000000
1101001101001011
0000010110100010
0010001100111010
0010010110001010
1110111100010110
0011011011001101
1111000010010010
0101100111100100
0011110100001111
0101101111101011
1101000110011011
0010011011111101
1101111111101100
0111100010011110
1110110010110100
0101111001000110
0100010101101101
0110000101110011
1010110010011010
0010101011010000
1110000110000110
1001111100001110
1010000011111111
0000110011110100
0101000101100111
0110111111001011
1100001110110110
1101011111000111
1100010010000001
0010001000101011
1000110010111010
1010010101100101
0010001010110111
1111101000011001
0001100110110010
1010011111010100
0001111100111000
